function [Ty] = Ty(t)
    Ty = [1 0 0 0; 0 1 0 t ;0 0 1 0; 0 0 0 1];
end