function [Tz] = Tz(t)
    Tz = [1 0 0 0; 0 1 0 0 ;0 0 1 t; 0 0 0 1];
end