function [Tx] = Tx(t)
    Tx = [1 0 0 t; 0 1 0 0 ;0 0 1 0; 0 0 0 1]
end